10000
-201
-918
154
433
162
-716
56
-683
-101
-408
-136
-275
-304
940
-388
-974
-954
468
357
-123
-745
-879
617
-392
450
431
-598
-511
364
-186
-864
832
847
-672
844
371
-972
366
-7
-262
-156
-806
831
-169
-728
739
355
-381
521
999
-605
-551
528
-87
-897
-206
992
-173
764
906
-156
210
-538
637
-68
-285
350
-967
83
786
-63
-282
270
300
338
369
199
-214
-836
82
698
552
-400
648
-290
-434
986
889
-172
-322
923
-623
-206
-966
-634
655
-531
224
406
341
-136
-274
634
-554
-836
856
-969
-76
-280
-67
-689
160
-437
-769
44
-383
-321
-927
-62
-563
-391
-132
-625
387
552
-814
-443
57
-132
-823
-981
573
-258
-372
-291
713
371
-621
500
-575
283
482
880
-940
-672
100
439
-573
-248
-270
973
-354
839
-61
-166
889
-699
832
765
-736
-862
-803
1000
-359
-214
414
-499
427
519
-816
-566
-88
-558
-334
579
507
-32
-841
-861
-691
-726
807
109
662
898
380
-846
426
-813
-459
-617
-26
390
-496
-550
451
30
-47
188
83
827
684
409
-887
-895
320
-777
940
664
60
-382
813
574
-959
-236
-820
-529
120
-252
-865
-558
-551
-245
-190
119
-297
318
353
-607
-435
603
388
-674
600
-560
-1000
-903
341
348
-566
646
540
98
806
74
-501
-581
-741
-394
-139
206
-305
-157
418
-892
-454
-253
349
-757
-636
-398
402
-461
-541
996
564
-453
81
743
-742
455
-385
808
334
-275
770
-88
-544
-836
-661
810
268
-312
584
-416
-353
-696
776
-629
871
215
852
-706
489
748
530
301
-860
347
-775
-158
165
-903
-434
-172
-565
745
-829
951
865
761
-505
97
544
379
815
841
-813
25
416
-982
-862
-962
451
-519
522
147
25
-979
-800
-202
545
89
726
-376
-22
516
-32
-894
437
-482
990
-604
-400
576
325
578
939
936
-283
-890
-656
-656
385
635
15
-796
599
-637
936
-380
-943
-366
-405
303
929
617
-833
-400
545
644
989
-169
-315
142
-243
764
328
-233
-607
-145
-3
-76
-129
-760
-334
-498
-564
-119
93
-778
919
-371
871
354
501
37
-969
571
-51
540
792
-50
526
-784
72
321
-165
713
849
619
576
-868
640
-94
-26
425
615
-971
359
938
-824
68
-283
890
-755
724
-961
379
-569
-478
383
523
953
-681
496
-221
-91
-869
529
661
-271
726
-407
816
-925
-286
137
-780
429
599
515
76
-275
500
-890
388
-233
463
-47
-260
-505
-581
-98
76
-802
253
566
310
-278
-356
-499
-176
-14
80
-552
-101
637
436
-510
-449
-546
501
-306
828
-575
-240
889
318
-557
344
492
-370
-451
411
838
902
45
-89
-496
62
958
634
873
-87
-403
85
593
995
786
67
-187
-998
-159
-225
-695
-402
-183
-207
-798
-167
-650
-12
376
802
801
-58
457
-477
-24
-270
-601
-682
-582
-202
394
-774
-699
37
-829
-825
836
608
627
-56
-355
755
730
415
-369
-674
-70
-65
-660
641
-924
-532
-866
-714
950
-958
-182
251
766
-135
492
204
-225
-14
824
-776
360
-139
-928
93
610
-880
151
929
-711
-60
49
-382
-418
-959
14
-105
953
380
513
-237
746
-633
743
-877
-224
88
197
-764
288
788
263
155
-639
-121
846
-189
-157
988
-218
-954
856
-40
-853
-992
153
514
403
523
-530
706
-456
-341
747
133
834
-951
92
905
530
-155
880
848
-341
-868
-25
726
595
-371
-277
-967
486
-521
496
563
600
621
901
133
56
220
975
310
340
-149
-240
-629
-591
-481
847
-45
-71
893
-450
186
940
-894
-291
-854
-546
-801
740
939
-598
956
781
42
-122
98
724
-83
403
5
796
-543
-487
-972
316
-870
576
-253
-681
-351
-94
39
97
-464
564
-774
292
706
993
-801
-122
442
295
513
723
-68
948
-352
-529
972
-907
-938
384
620
-557
-279
-904
595
885
279
508
-21
-48
268
-119
-69
433
553
935
462
569
551
-641
-763
-146
-673
220
-611
285
647
600
-232
396
162
520
57
605
-727
-324
-331
-848
190
717
640
-369
202
907
288
707
592
-417
-721
-424
652
928
-471
179
701
799
25
416
445
-563
-144
-890
-900
-684
971
753
96
-259
782
631
-101
-361
305
529
347
-584
-979
-860
125
614
756
-162
322
394
-568
-22
979
28
155
-334
-399
-276
-889
969
-898
-61
-251
-847
-470
70
437
-790
-869
-111
219
303
733
630
-367
-940
254
764
399
-779
-979
-447
423
-583
-269
793
906
-247
-300
-619
68
26
28
158
-381
187
-177
-240
318
-724
-73
453
933
-595
-876
-317
848
706
866
713
-616
-45
-549
836
-220
-941
158
-658
-483
110
369
-157
-462
-664
-99
841
-989
-939
-717
-939
-14
-10
-169
-124
127
-735
107
99
702
706
790
-187
-528
814
-403
-943
591
-428
-852
-570
865
505
980
411
94
394
-769
-29
-128
-609
-435
-876
-947
-454
-48
-191
11
86
514
764
-284
-577
-7
224
-532
826
412
-639
-432
-46
-205
503
992
-693
829
-417
972
-663
-35
114
394
-683
629
58
847
513
-479
-146
797
596
-697
-938
589
766
970
-690
-62
-653
-303
-189
266
-769
-729
-111
-602
-897
-355
534
10
-246
86
-815
-939
-20
-573
229
-468
579
661
196
-180
843
-331
126
-845
-726
-369
-851
161
-523
-372
44
-908
-189
912
-728
-885
819
-469
-804
-25
-193
869
-103
-38
-580
-133
-204
-310
-537
-442
-257
-442
-287
-569
203
-660
525
-628
-200
-870
325
-298
913
-84
-649
493
-645
-368
176
-882
841
-651
489
530
426
199
-223
-426
110
505
352
838
119
401
-804
-939
-525
833
-908
-830
-436
-856
-271
920
626
-312
693
926
-832
-260
106
476
-882
-730
892
132
155
686
560
337
-170
717
-267
-396
-871
-230
547
578
-463
312
-670
823
-731
-8
581
-196
-409
-558
602
-380
-561
50
884
971
61
249
850
391
-339
437
405
955
77
-265
939
-234
-705
-359
-359
953
-747
-915
812
-855
-748
353
320
-995
-257
-601
790
231
58
-276
62
-947
425
-957
455
-751
314
989
752
792
-798
423
-427
-586
16
396
-953
81
226
771
733
-851
342
-97
211
-938
768
-937
-255
-237
826
557
-688
157
371
-57
-253
-407
222
613
-955
440
-789
-855
741
-798
-524
711
17
402
146
57
-152
528
-371
516
-694
-213
-771
192
-651
-890
246
-944
-240
-440
-48
-983
-894
-971
-562
836
-81
322
790
-585
-190
-33
692
-689
-531
829
770
39
-626
509
-718
-146
-824
538
-799
-866
945
-163
433
923
456
633
-371
491
-377
991
464
-402
-573
504
-121
-173
83
948
-36
384
316
-657
247
605
-251
919
845
491
-835
493
-4
-177
-90
777
435
791
921
-153
450
313
649
-199
443
-435
940
830
-799
-509
322
391
305
49
866
340
-590
-610
-234
121
394
-726
-91
243
159
22
-795
780
-98
-701
-13
642
-879
-66
60
761
963
-551
13
216
888
721
84
287
524
-776
-126
492
-942
872
-769
880
390
-875
-519
-674
805
562
80
712
-334
-441
-784
-853
-331
517
707
-109
-843
282
-864
-624
126
-761
-453
854
-918
314
5
220
621
478
-749
-120
503
850
61
-87
551
-378
-804
-727
446
-500
675
432
-43
871
-180
-471
-961
-647
591
736
790
-237
522
-318
211
-718
-387
-222
-775
-497
-693
-451
-468
776
-58
-9
-253
-275
174
34
31
-96
428
-366
333
-454
-740
132
582
521
-696
-689
984
-315
319
-730
-699
69
733
-463
247
337
414
-806
-945
-435
-952
853
-171
382
123
-831
659
-876
572
568
-62
-589
934
-363
913
450
-20
943
441
163
207
759
670
-419
915
-598
-749
500
-36
-164
826
103
575
820
-360
825
301
199
924
-469
678
272
-333
-990
-430
-539
730
212
-255
-4
-224
670
-330
651
-935
-456
103
-419
410
734
-908
236
729
170
613
-81
-188
900
-562
-716
-363
-555
-998
-939
-520
873
-250
765
614
177
-96
-728
22
-366
-914
589
-655
908
-52
459
518
45
46
496
573
454
893
138
766
535
-297
625
618
-801
-208
-154
517
-20
443
937
563
978
978
580
-626
-251
948
-141
-520
-202
-960
-760
-523
-629
711
674
-743
-109
-680
622
-71
675
648
-527
38
764
-235
18
-523
-997
-600
-195
-760
495
-944
-812
-337
-578
-6
-864
-525
190
-333
924
-569
983
-384
863
-979
146
-734
-657
-266
-505
-571
92
-129
-698
-633
201
899
359
625
712
-669
-591
-658
292
-301
471
727
362
-537
333
75
275
-694
870
-607
153
102
397
823
-149
911
-650
984
670
-282
-384
704
911
-354
-540
611
-1
-839
805
213
69
93
-510
610
-480
-977
954
145
1000
528
469
346
792
-939
-287
-659
-996
883
-284
588
-886
301
-73
361
643
-486
-99
174
867
-939
-143
-608
-511
-189
-814
-293
-355
-599
-824
-406
987
-615
-27
-100
785
-676
-274
754
-867
-120
-213
240
-729
-193
-720
746
-515
-31
-725
-370
-852
202
619
-783
-441
247
-836
176
-194
622
906
989
-100
-854
-440
114
312
-884
-810
449
892
10
225
421
868
-751
663
-537
943
604
515
56
-80
303
-320
-823
458
330
-518
873
741
-211
-711
-190
-373
-266
528
174
19
645
-943
-557
-835
-241
148
748
898
956
-666
-970
819
843
547
137
-669
901
-930
-179
-118
-487
-630
-153
-7
860
-624
-750
907
20
472
-215
79
659
932
139
894
-394
-873
976
-25
963
-20
-358
-459
436
-232
631
597
-828
-4
-768
-261
31
-542
-580
-106
-699
335
519
-813
-94
-41
708
-411
-814
546
-54
-959
-257
284
739
955
682
-515
-962
-761
744
-602
798
450
416
691
283
108
407
-673
535
141
-322
-576
-521
211
721
619
-362
699
347
-55
-83
-223
-50
-257
416
964
150
-615
682
673
-607
-631
210
999
-955
552
81
-698
-665
276
966
-425
-431
-868
-42
631
774
729
159
-432
-341
-126
-140
-641
-360
-995
190
20
4
718
498
-600
917
-266
106
-815
572
879
605
-717
549
-193
255
-733
454
-499
934
536
-860
142
-159
-13
870
533
694
190
-543
637
530
-65
-290
-164
-563
-759
-274
504
318
-839
-164
947
71
679
-530
-580
-850
-118
407
-553
-835
359
347
775
-961
464
622
-80
684
748
-890
-807
-107
38
-681
-348
741
758
67
262
952
806
-619
291
-433
217
587
130
196
875
542
839
958
862
829
-642
501
-122
621
693
419
-874
421
-156
-238
-295
-433
-538
891
194
32
-839
-38
409
-675
-691
77
186
935
906
-16
-967
783
191
-485
-542
819
234
-831
911
-393
-127
-802
748
69
433
-947
275
-27
522
364
-908
-836
46
191
858
80
375
-976
-655
-963
-776
-427
409
117
-444
674
-798
-919
126
99
-523
570
387
-449
803
295
-172
-468
-703
494
913
521
-660
-850
427
624
280
-946
354
331
-764
227
210
-783
-659
-932
408
-809
37
-202
-477
333
-769
860
-334
-600
768
-324
356
293
476
101
-715
-614
-96
-653
-927
-214
-845
-297
489
-210
778
-428
-445
-392
966
921
468
-715
125
198
831
-261
708
-375
-111
927
341
-662
-466
876
20
-659
-571
-351
697
374
-130
403
-110
873
148
-980
-961
690
-221
272
-998
902
-700
731
-139
535
-845
-164
257
-834
677
-676
-856
441
558
-271
391
-293
266
-359
-973
-921
-694
822
172
595
765
-778
662
827
-238
874
-96
335
990
628
875
3
-309
911
-621
-45
-654
-373
645
707
598
-692
298
200
-866
-279
169
-199
20
-678
-521
-100
-253
-98
-753
439
343
351
-467
-938
-871
713
-212
363
385
67
15
472
430
173
-359
309
578
661
554
-572
-216
-872
-578
-308
205
208
-850
698
-31
720
925
562
-858
742
-613
793
-478
437
344
-597
-386
550
178
-841
-579
917
-475
-330
-233
-721
-300
-910
-263
-781
917
-820
-164
396
767
-591
592
-65
-106
736
203
295
899
804
-60
91
-830
637
-187
-692
-519
-384
-251
174
231
303
-588
474
-473
551
516
237
-666
219
-634
-233
-183
-20
-596
984
423
150
601
314
541
807
440
867
-332
-982
843
-200
-291
-781
-307
624
-409
-714
-39
39
781
897
-925
581
471
-831
-259
-992
500
507
487
-24
-198
172
-55
-28
-533
41
-849
-106
-763
-351
205
-889
304
-571
-119
-164
-749
-187
201
710
-704
-364
-186
-548
-913
553
360
932
-188
968
466
873
-437
-75
-431
-401
-686
627
-605
-512
-293
22
-911
120
-339
-473
-856
-278
-619
236
322
-502
934
160
-769
292
829
-604
750
856
150
-247
698
-369
-96
453
778
-759
-136
-695
413
524
740
-484
-927
-83
-912
483
-35
834
681
-117
190
830
-879
272
-605
281
-616
-287
-297
-856
-728
-91
590
565
649
250
868
-217
671
-724
-787
647
476
210
483
-643
367
188
806
242
520
-133
-345
137
938
748
-976
-758
-511
230
179
256
589
-756
746
70
710
-522
-976
-421
774
-72
-442
-808
503
-766
674
-767
314
-102
-331
164
551
-521
108
-471
-622
-363
-250
-100
-505
-667
113
-270
-793
-780
31
-583
224
-201
-109
-565
-612
-910
-874
-220
736
712
-698
-950
677
949
917
-637
868
758
-308
208
-114
-525
940
-727
-357
-131
-314
-130
-712
-881
314
157
650
768
416
-170
247
-983
-711
-297
-503
628
-973
-793
700
671
591
-551
-924
-600
-587
223
393
-13
-746
234
-34
-553
889
-410
403
-342
-955
376
557
-263
598
-30
755
-294
-452
960
876
-659
-393
-751
72
-271
958
-699
155
317
-137
-934
-662
-470
117
109
-955
-664
923
-515
-232
-895
-329
-291
454
346
-315
721
366
232
188
37
-535
47
876
-54
-286
-455
939
-60
-646
762
997
-611
-380
650
-262
92
-287
-379
-267
100
782
788
-513
-40
-520
42
23
-114
460
-911
951
-924
413
-289
576
-166
446
-912
952
-537
-171
501
1000
528
582
303
703
-267
177
-646
-789
426
98
28
-7
265
215
-238
943
-827
651
-793
-823
779
156
-307
-690
444
-841
-472
712
450
972
334
-104
-407
386
-887
-211
-790
38
716
-406
131
164
-833
318
122
402
-967
529
856
-908
-118
-621
-473
353
700
-872
482
-826
525
750
-814
-110
508
84
-940
-844
283
-994
-779
-285
-602
764
-967
568
-770
88
-837
461
-25
-604
-31
242
48
716
140
71
-257
797
-289
412
-173
-474
-652
666
-832
-489
-144
557
-839
706
24
628
943
-871
381
-684
814
213
960
893
-564
467
-794
681
980
998
476
-45
-302
96
806
-798
-651
-476
780
-513
649
116
-625
-447
-267
82
-451
-918
691
39
-19
-355
162
655
-114
387
-940
7
-154
-325
426
-169
-989
872
-961
808
669
794
-867
995
822
-319
242
-97
541
-915
915
-739
848
-566
-656
417
380
695
-244
-195
-509
-817
-582
-407
-122
341
-843
394
145
-598
810
255
138
-1
763
-69
-256
109
704
-488
162
-187
612
159
877
208
605
246
58
-226
256
-935
-728
-359
281
982
488
415
-827
-519
-447
206
-392
561
709
-572
-69
752
963
802
-577
281
475
540
853
-617
143
-466
-349
878
-559
-964
198
-316
600
80
81
447
-248
386
592
-802
-21
-119
195
103
-443
690
998
-848
-527
102
-624
202
-337
389
938
-980
-152
83
389
-58
37
421
-638
-54
666
566
-681
-928
-679
-939
886
969
-353
-351
-848
-708
-613
-414
381
523
-494
752
702
981
755
-667
606
217
703
265
-644
756
436
-452
-475
-378
-379
159
210
-564
180
823
426
-391
-689
-855
-469
-130
-85
-984
-142
474
303
14
-840
-200
-397
518
416
-178
480
376
-895
-87
702
704
-258
-408
7
-310
-445
793
36
745
-112
79
-963
276
-233
261
647
-867
-855
-310
-419
699
-809
-537
-546
-378
865
241
710
-207
-138
-753
-371
-867
32
637
-812
-104
706
773
492
484
-690
11
-637
685
-606
-632
640
-339
-691
522
159
852
189
390
296
-428
722
960
-677
180
812
118
-512
-787
681
-183
487
-141
-713
276
620
429
546
505
-101
18
186
372
-30
-86
434
600
354
-591
-964
-130
-28
549
-325
597
-395
468
-957
-599
512
740
105
-878
-564
51
-305
115
255
29
675
-800
483
-896
-834
155
335
-567
-362
402
353
528
-896
985
-784
-714
-125
-557
-556
364
796
27
-356
499
-753
617
781
752
-950
-785
-603
691
-111
618
502
-425
913
147
543
-286
-356
-198
-200
-449
-406
406
279
26
607
-510
478
-688
995
310
43
401
817
352
-921
228
-60
-48
434
842
2
854
-407
-581
295
-289
-903
-476
-551
-825
689
873
991
535
-766
445
-797
170
-347
-624
-943
979
-256
-81
655
-709
739
-877
108
-978
173
690
670
-824
540
718
167
372
313
-876
480
747
-700
-292
335
748
561
-381
58
308
790
-805
-22
125
880
475
634
102
839
297
-740
336
519
-327
943
-96
-12
614
-772
-781
-766
-810
753
729
189
-350
630
958
-401
773
463
357
-966
-641
406
-355
798
387
190
-323
-68
-39
737
96
-76
832
-700
690
883
416
564
-956
422
-164
-256
-481
-512
820
-804
51
845
-250
18
-766
288
-804
38
-911
29
-417
-513
-249
118
484
-192
212
226
-579
-182
-651
103
820
-636
-477
587
237
-348
-760
-19
384
-476
317
-697
265
98
-999
918
842
7
-113
-559
128
453
-208
-334
-188
-785
-975
-953
492
-457
404
435
-407
-788
-731
498
730
-293
657
-965
826
-886
879
-352
-119
641
-527
-719
739
447
-985
-441
-311
685
501
579
-937
779
-467
99
485
-210
472
262
657
-521
242
497
528
684
-4
-646
-113
181
-662
-230
-959
-306
-100
101
27
859
866
-886
-313
-821
-786
45
920
-94
100
-225
-747
-25
818
135
-470
700
-636
-191
924
696
274
-259
198
528
-825
559
177
433
-464
553
-864
-295
-132
-248
339
820
233
-619
-754
-317
581
-262
-843
-294
407
-283
592
846
217
-954
225
-152
-171
-129
-983
-433
-704
-346
184
-790
843
624
-821
-443
-901
-954
346
452
379
-614
-226
533
-359
7
-680
791
-701
-928
-902
776
-54
619
506
-305
-588
-293
-195
-221
-233
-754
-310
-232
864
610
-78
727
214
504
-440
-920
586
-179
-716
418
704
-146
-244
-368
675
500
420
91
-256
-883
655
285
360
860
339
452
-429
-539
540
-70
860
281
-834
-115
-109
-891
-626
-785
-537
-812
260
19
609
463
468
43
593
-792
-502
460
-596
-949
269
227
-627
-848
-567
167
-967
107
-627
509
-786
-166
-808
-401
-895
-53
180
714
-4
-552
-306
-347
846
683
-959
664
-355
-64
-635
-518
-42
-472
310
-153
720
891
-398
-614
582
402
-952
239
506
-602
-869
-782
960
-905
-157
187
224
833
-526
417
749
124
370
-131
-283
-247
-543
-34
-789
904
69
302
-641
573
-520
419
581
348
535
-963
-117
901
-150
-794
-910
-246
159
-69
708
-933
-491
-60
-494
-619
653
-523
107
-830
-684
-641
311
503
368
595
902
-639
82
-261
-813
-574
-922
-727
368
-423
760
350
234
807
-116
948
-755
820
-525
-181
-985
-276
627
294
698
572
-251
292
-41
308
373
-286
872
-645
927
200
948
-263
658
-771
114
-23
-851
735
508
-125
293
660
-94
402
394
850
442
61
-281
531
828
262
-969
633
638
641
186
-381
508
262
853
-366
219
-466
563
-308
338
-443
28
-479
881
969
337
-159
-858
-950
381
-745
219
-546
404
-643
904
-488
-246
281
680
500
-663
-442
-340
796
501
-138
330
-581
-359
259
-780
775
-800
-628
-685
-357
532
-133
-978
-774
-162
-220
-315
-643
-177
-62
-627
-722
822
-563
-65
-905
658
-682
82
472
576
-279
-249
153
824
971
150
-878
-396
699
459
-841
421
-142
637
-678
556
904
187
162
-493
716
61
144
591
-65
-230
-866
-23
-792
-774
135
174
819
-641
185
985
845
-407
-860
-523
418
-44
63
197
-366
-993
435
-958
-762
-387
-174
-642
668
-850
-432
-788
818
-86
-889
-722
38
270
918
-118
746
294
894
-485
-220
831
630
-612
697
966
-541
-723
115
-29
-985
-754
-801
936
683
285
-74
-373
859
-400
-415
-643
720
533
-706
-299
253
452
248
-664
-615
733
467
482
467
401
-560
333
-230
176
276
-76
-681
-314
707
-235
671
581
-353
-747
-181
867
-65
648
221
-722
369
-808
69
922
-730
964
812
261
-247
788
-983
332
815
499
-574
221
81
574
-638
428
-25
71
889
930
-913
-1000
-747
-495
384
-544
615
777
-535
-251
-961
-651
-61
201
295
-730
-466
390
876
342
-196
-910
488
-386
666
-374
-117
-551
-612
-584
-123
756
66
834
-526
791
-65
-544
-536
199
-486
666
-951
-903
-584
-269
-730
-400
456
-612
-807
480
988
-519
-636
-263
-426
203
-587
-373
-266
108
-628
-668
325
-510
654
607
-382
-562
-909
767
216
11
-167
-193
555
276
-845
387
-264
8
-539
111
-419
-799
-263
809
-209
-389
100
348
112
100
231
-260
-275
966
-844
622
240
22
-832
-241
155
-674
106
255
-795
-829
-425
245
-711
180
461
-28
895
-435
342
241
69
47
-746
-343
95
-99
118
-216
-805
937
-544
454
900
243
169
-325
681
504
970
-498
429
-847
-443
-58
-932
624
496
-984
664
-432
56
-132
-566
-90
-350
70
125
-793
624
-997
181
-225
868
-525
557
-397
174
-706
-57
-519
-906
560
124
141
664
-670
-290
-841
-548
513
623
926
774
394
517
816
-735
-280
-580
-706
-830
504
40
-620
502
323
548
229
-725
-97
-428
14
16
809
-237
-204
364
-523
-898
948
908
662
-628
-979
934
550
346
43
929
-638
168
95
-408
-131
-279
-508
954
657
374
-956
576
810
-191
124
-888
970
418
-365
-26
-868
-312
668
-812
-281
430
535
544
-289
-268
-537
-104
-467
-966
-218
-670
212
624
-130
-989
-701
-96
31
-617
732
-274
692
-100
55
-996
430
709
-628
-339
-414
823
-251
674
913
282
-349
-608
-94
192
246
947
287
-897
895
-374
251
-552
388
940
270
-839
610
-226
917
460
-300
-830
-93
-626
-772
845
-895
800
-533
-972
-764
169
311
621
-137
-690
503
695
-654
699
-398
13
836
479
-40
507
-751
-411
-724
-325
972
-799
893
659
-294
-999
233
-973
-459
432
399
845
947
850
814
943
-906
384
611
396
362
-915
937
896
373
-510
744
-413
984
987
210
599
279
-997
801
-239
142
762
-343
711
-271
-252
674
331
-311
341
573
580
-164
-757
-574
861
552
-297
-549
200
285
-44
-428
-150
561
392
-108
-830
-425
-404
-249
-82
-824
-99
683
42
98
-214
-297
-115
-244
569
129
339
778
-702
-423
925
-376
603
-28
-149
-783
-411
436
-398
133
-451
648
833
-201
-81
-943
-527
524
652
279
-980
291
288
240
-833
-609
553
-885
-780
-780
-48
947
247
217
333
31
-827
866
-787
-198
-156
-292
-809
99
-796
-774
-190
327
-279
966
-24
554
-993
-62
559
191
696
133
274
818
550
-224
-385
-885
-740
-343
590
148
717
-122
-522
699
-980
-580
564
-168
-764
378
-540
-804
-544
860
-947
-850
437
-799
-929
-756
895
830
652
-119
784
402
-26
-929
-789
860
-376
-45
-469
706
662
446
-711
2
-994
-159
282
984
-303
76
335
-492
670
781
-763
-999
335
-749
-939
101
827
-922
-43
-472
-250
827
-955
876
655
370
-248
-268
-862
-708
875
544
838
-252
313
778
-771
-969
-689
-574
390
-113
391
-739
659
-842
-168
693
4
-437
199
461
-572
-242
761
-377
-524
-554
-148
-894
-52
-316
929
631
-709
679
-454
421
300
273
790
-202
180
-262
-306
150
122
995
315
452
-482
740
563
374
339
-587
-112
-99
802
350
307
-835
-476
806
387
995
-51
50
145
396
-18
862
519
-129
109
399
-210
-29
-242
493
-856
-440
-295
-295
945
-15
-846
479
78
-698
-779
321
398
-883
-41
-928
373
288
-892
751
-652
584
258
-708
726
853
-589
415
-638
-620
-462
-648
-978
698
-212
444
-657
-61
22
928
-401
-829
451
2
538
168
402
945
286
100
-191
-449
-290
-422
-158
-29
-348
60
431
64
-692
496
-334
-656
449
59
941
-909
-240
-887
357
799
-107
-967
-486
780
273
-442
-271
911
805
-750
-403
-159
308
515
-539
-572
514
-620
-790
-681
-729
86
497
168
-97
-531
-272
-354
589
-457
-83
-376
328
757
426
13
-488
-428
-990
904
785
-688
414
-834
364
936
633
-128
351
-836
-936
925
105
-237
583
253
-119
-1000
-658
-345
619
-747
-496
-521
-9
207
-667
170
423
-579
-472
694
-822
86
283
518
238
-677
571
162
367
-186
-668
-162
-166
88
668
-937
-464
201
136
127
559
533
988
118
-5
238
-967
440
838
910
637
-132
-110
289
346
-127
496
574
78
187
471
-387
465
777
-429
446
390
580
-946
-702
-318
-367
-333
570
914
343
-592
-363
983
906
723
521
-100
941
-824
825
-402
658
717
152
540
-698
-956
308
143
-77
830
29
867
928
-831
705
11
855
202
-716
-787
-23
377
-925
-341
554
-807
67
-273
-920
895
-66
851
671
695
-697
472
24
443
914
-116
882
-119
745
-179
-187
706
-990
-119
-371
226
600
-167
451
504
-504
393
136
976
-334
-994
-431
82
79
-449
385
-479
948
-486
-77
-840
-86
-722
-857
-868
-902
-599
-780
-537
-946
-739
926
-544
361
979
-943
892
768
-182
765
-168
419
789
931
-8
-454
-65
-706
792
-116
-415
-54
887
-310
494
575
-421
956
-634
219
964
272
-493
920
-742
473
-121
335
643
-716
-154
-400
-512
873
281
363
788
105
692
469
111
799
409
216
714
981
86
-73
320
-148
-284
232
-527
-343
73
672
173
311
-542
591
-978
-901
996
-10
-411
-167
-40
-284
-587
634
-363
431
-229
994
-217
448
-335
-437
-786
-759
336
588
-232
603
237
63
665
-322
-868
575
27
988
-420
104
-868
-705
-262
-179
500
-767
-27
829
-523
-698
873
416
10
388
-479
-881
745
386
224
-18
11
191
-192
-956
902
-139
-601
606
-151
205
97
-322
243
900
-342
10
578
-523
-493
-73
199
-697
94
862
231
-644
-975
-295
529
659
-231
-885
-604
766
-498
-593
-173
-748
-999
210
744
-520
641
-857
-667
956
377
-226
492
-501
-77
34
137
-52
-755
819
-779
997
-871
-60
-803
-307
-185
-76
432
660
-258
-711
188
-747
-145
481
364
-452
-638
589
-22
856
-901
563
-588
-453
283
968
692
-209
150
-427
-224
569
-230
832
-161
-793
89
32
-51
658
-275
892
679
-244
162
-994
461
-976
690
-607
-653
-949
727
673
-945
512
-546
404
714
429
-987
697
-865
-971
-843
220
-927
-758
945
-549
-779
-9
-238
518
-363
-276
-636
-501
749
617
-212
-190
-923
109
-415
-987
-515
-433
698
742
143
693
-278
355
323
561
816
-559
390
-687
-805
272
83
982
225
-575
-39
764
-719
898
-849
653
973
551
298
-929
534
882
791
-738
790
285
-372
-310
-976
576
-288
141
-217
821
585
117
776
152
385
545
-41
636
131
763
68
-256
-782
411
996
-387
707
981
209
-101
-339
-648
-45
-427
-160
-508
-258
-162
-656
-370
671
-456
-352
-299
637
-90
518
-415
652
-306
-656
264
305
-732
-680
-896
370
-763
-126
726
-429
-220
369
-851
-144
641
15
-800
990
120
-97
-770
-484
424
3
782
782
307
-205
-68
707
911
-966
760
-544
975
-130
625
-667
404
85
-210
857
263
515
-25
758
-599
-642
-824
-803
-871
674
-455
381
599
-681
848
-882
137
934
732
-623
-388
415
-560
92
-935
-623
-177
-725
148
516
-416
-946
784
-25
146
-986
87
-737
708
-769
-753
-575
-814
401
347
617
-92
-804
-822
-111
179
856
-367
572
813
-711
-586
483
-173
369
658
244
696
302
551
24
-820
-625
772
919
820
-128
-768
384
-132
-274
283
768
359
292
291
785
916
525
-38
90
-484
-474
-495
173
-417
622
-961
-427
-20
-764
376
518
-655
-174
769
970
454
450
971
-346
133
469
-790
-608
305
391
-912
-771
801
-973
-87
507
-346
469
918
981
695
23
-654
-412
-941
-816
-688
784
-293
950
-399
-55
280
-750
-570
-350
871
-232
-775
170
-216
-60
798
865
210
-910
261
308
627
-788
-619
662
-438
-236
5
-464
-376
745
-100
-127
-854
968
251
842
-179
109
239
-109
-17
591
-328
-264
144
-342
-779
464
32
693
-729
-880
-353
-23
-704
865
-860
-25
239
785
-278
-712
-984
-672
173
-753
-658
-627
-41
754
964
467
972
-687
294
-729
-271
-413
-916
-675
-387
-44
649
729
-13
-681
369
-882
-50
37
870
-870
-618
-677
724
741
-150
-197
-896
-324
-619
401
-523
122
-995
-20
-561
-657
671
-415
690
426
-362
259
839
285
-760
-270
-442
-571
-524
-838
-874
962
77
662
-950
978
45
485
218
-678
981
426
-704
747
513
200
-124
843
308
-788
539
-515
-974
-355
637
-766
387
-283
558
-676
-626
-875
-548
30
-888
351
-363
90
-681
-390
-187
-879
-232
363
-306
115
-532
-142
-249
350
180
779
-281
270
-414
563
-495
624
963
-253
-620
-336
383
861
-338
522
219
566
817
-938
526
566
310
696
-497
-127
734
-437
300
399
-30
13
473
-961
667
-785
269
-972
-688
651
-443
-155
972
845
-348
526
-43
-751
-857
-308
69
75
-455
893
778
-180
-28
-180
-166
-863
-516
-690
286
803
576
-662
-221
208
-72
692
471
-380
14
299
128
253
277
795
305
-694
264
457
756
956
604
-708
-165
-9
-943
77
-550
-562
-904
362
-604
168
-774
-54
956
353
755
-289
968
890
583
-501
-304
753
528
156
632
699
-461
420
-43
364
296
772
-724
-168
-460
315
-23
-355
112
-490
646
-663
-723
364
431
-4
-924
688
-736
-340
675
-980
-452
-602
-302
-550
-23
-913
703
838
627
-684
142
424
366
-910
-56
534
-663
351
-882
-740
701
-900
-493
-363
55
23
990
491
448
-947
520
-488
-818
-847
-775
779
-262
-968
387
779
457
659
-274
-586
760
698
8
808
-710
-190
333
441
-614
695
-780
-239
-403
-711
537
570
-238
-518
-755
378
282
-749
-1
530
-913
-214
-130
-780
531
-378
675
-804
812
-884
894
-313
535
665
-923
-460
-815
460
-67
-465
821
-872
829
-707
171
-725
-213
-546
462
195
9
89
113
112
230
-61
713
-276
469
99
-639
-985
745
390
813
-440
727
-470
-375
153
-347
805
742
884
578
-437
403
-580
99
116
-301
603
-129
-886
922
-501
-481
-454
-920
878
763
759
323
-927
-537
-363
-454
934
-214
640
21
-428
136
359
746
292
-354
605
-342
628
-361
-592
-109
555
712
-371
885
-597
132
932
-226
-953
-469
-568
273
-376
-949
-91
721
-771
-23
313
-542
212
917
-446
-353
-334
161
90
491
49
-627
-69
-677
-461
-386
887
-743
-721
-813
-620
905
-752
809
520
-460
-809
-560
201
238
-886
-23
780
-330
429
-327
-438
-404
816
-787
316
-16
368
253
-222
-198
-937
-682
517
-814
378
144
-331
-746
233
-358
-149
-314
89
209
-946
-445
-559
-320
-854
-454
-184
119
-7
194
411
-140
-255
697
-304
162
-968
287
928
-118
147
-858
295
-601
675
657
-123
818
594
-224
836
876
-933
267
45
533
-969
694
-948
392
197
312
248
932
-476
958
-532
-355
462
-675
-279
-995
962
568
-432
-434
-483
-745
192
-638
-691
103
261
-477
979
-220
-968
130
-247
-218
-894
878
-981
67
417
-196
302
64
312
-525
753
-373
999
6
682
995
-1
-410
-277
362
-618
774
807
7
158
-214
339
431
180
251
-195
-753
581
716
-943
-470
943
-847
470
383
954
689
306
107
326
-136
-118
-641
-727
430
-754
-242
452
-34
-898
268
-570
846
-246
899
-702
844
-192
656
619
140
-724
951
689
-915
-996
291
-374
-799
451
-454
-268
-705
375
-310
642
-847
485
831
-372
893
-416
-830
-187
17
31
-900
-720
406
-217
-878
-696
-362
179
931
84
211
-263
-731
-915
868
-698
-747
-49
-145
860
-87
755
-99
-782
519
-563
-299
-12
-105
-585
-854
31
-115
84
645
-937
-13
-977
-727
-973
-565
-826
265
-94
-477
-537
-638
795
976
536
778
-48
-96
-90
-365
403
346
-817
-665
406
274
-727
379
-934
146
798
-667
653
488
44
90
73
-287
48
573
894
363
-729
727
200
-850
899
-393
-739
-8
-600
280
496
834
-956
-922
830
564
-114
270
895
356
-335
211
-147
941
337
795
-577
-832
-847
-388
-831
-721
-9
-711
492
221
958
-544
-393
907
-363
301
492
753
-176
316
-54
868
-322
-976
832
-554
-410
-173
734
-310
824
625
629
188
225
-145
-40
499
207
367
271
317
650
-650
-574
-194
-947
-228
-309
59
-552
-730
-641
-437
269
260
-702
-810
-473
937
441
768
771
-854
395
-557
954
-475
-486
-235
-379
902
-989
-96
-633
-253
511
-705
-607
-356
-212
759
637
463
309
-150
-713
-447
354
-389
837
-738
738
216
603
-704
327
780
-933
-318
687
729
-182
-569
-254
929
-693
-260
-684
-955
-228
197
-36
-446
412
-22
-831
-86
562
972
860
526
-652
472
-119
-628
-752
790
-799
-454
79
-117
-726
-264
595
-633
-269
-881
-25
-915
-93
15
163
-258
-787
-506
-701
-833
-658
-199
567
-738
-837
840
413
462
402
-8
348
-222
-764
-450
23
-337
812
837
-967
-41
-436
342
324
975
-427
-631
528
-598
410
277
553
31
-105
-506
-532
-782
-390
163
406
417
958
-604
511
-288
924
852
906
148
-691
954
924
-478
555
671
564
826
-123
529
855
-444
999
336
580
219
-505
-687
-61
723
521
-306
-225
-350
-737
-933
-294
257
334
-325
-926
276
-606
207
-41
-833
-259
-344
-831
-643
108
1
366
959
788
-588
-297
-921
468
-943
-461
95
-872
3
80
1
120
533
896
803
-204
-572
529
691
794
-492
-203
44
542
-675
924
-716
27
-986
22
-437
75
-491
946
968
224
367
-589
-906
-399
-691
334
194
980
-422
-120
-961
706
-93
-620
223
-383
312
-786
-38
-898
-981
-834
-934
-31
406
35
-321
70
613
768
-704
213
911
-797
-827
396
41
954
-441
668
72
-556
-547
980
809
613
-327
811
41
748
-986
740
-848
-760
345
793
688
-681
-994
631
-519
47
936
106
614
-243
759
-862
442
536
661
-663
190
947
-958
-865
796
727
12
987
795
-993
-246
241
-599
588
947
-39
-756
636
-383
-784
-676
-951
-922
-335
980
-176
88
85
-258
-846
-722
236
337
82
-246
887
906
21
866
-357
-969
-367
577
-262
-268
851
-48
-944
37
-340
-384
-361
-742
-897
912
-241
-167
434
372
-408
393
-798
751
-290
-831
674
-221
-689
524
860
-541
-45
507
-624
771
-726
706
-79
430
-146
512
-504
-751
-456
-5
501
841
-408
662
-946
944
-621
-330
-778
-81
-363
193
-82
964
-640
61
-83
415
132
-339
219
916
-650
977
821
-832
-179
-188
-486
474
-118
737
-260
-888
848
-786
575
-698
455
750
-136
-250
-985
853
-424
-700
-165
234
-3
305
-43
-519
709
-490
-750
-736
215
200
203
-643
996
-179
-506
16
-111
424
-969
706
-923
-9
-204
97
443
786
-251
-683
537
-201
458
279
-574
350
-254
441
-360
-751
748
716
-954
-470
-227
688
139
-901
115
-570
-537
217
-235
62
-654
630
-724
758
355
513
711
520
-641
615
-68
114
-933
-663
649
574
678
-957
-418
440
-259
440
650
671
962
-374
-324
-940
-726
10
112
-486
874
731
986
71
476
-430
105
-564
-107
864
121
-263
531
780
665
-25
189
-410
-519
-335
157
-725
929
387
447
315
740
-886
-835
728
189
-147
-691
-510
950
-299
-398
-904
-532
44
-328
-576
-154
-196
-577
-111
708
-619
911
284
-860
676
-863
-625
224
382
727
-603
289
986
790
522
-731
-131
59
-943
377
73
409
353
-798
-13
811
397
-767
-187
606
-978
-427
240
-284
-740
942
319
-434
-455
-409
-33
169
-833
954
199
-948
-190
-545
-659
-742
-868
626
-950
894
-365
-120
-782
398
-199
676
422
-17
-39
-674
-108
-827
690
-431
217
-29
-398
-178
-443
753
-178
543
-243
926
79
-819
284
627
153
-838
554
-334
-809
-426
-7
-947
-710
256
-47
192
542
-290
-701
976
331
918
156
-320
436
-381
-390
808
786
610
315
-195
-759
-107
788
627
-795
-449
-144
-962
-459
526
-2
-985
158
185
-599
-231
-81
-900
-264
247
481
-440
-306
703
-681
-657
584
772
234
266
-625
355
745
-863
698
-773
124
-273
211
-507
574
382
231
469
-897
-690
309
-502
-928
-578
305
-77
-879
-747
-928
-118
81
-755
-434
830
-175
342
777
476
613
-147
-217
-218
-443
88
-601
741
-716
852
805
-489
390
502
-944
-630
-42
-797
126
678
161
-286
688
676
-506
859
47
757
526
-223
147
-851
783
223
816
661
-67
-658
404
-174
-429
612
821
-111
-300
843
-756
341
309
-377
431
231
820
-687
97
722
483
247
191
-654
82
282
-769
796
-164
-342
-246
919
912
-582
-728
-530
-288
216
-179
346
673
893
-185
-833
-875
622
-634
732
181
517
-567
-21
-487
-42
-555
662
394
-860
412
774
-663
-162
-730
146
996
581
-701
42
738
822
-604
731
-587
-829
780
446
-70
599
596
-760
75
-96
-321
988
-240
-26
-376
738
381
-773
-949
884
618
-533
282
-418
-865
188
42
505
34
578
-825
520
208
163
309
664
626
-187
-449
642
856
954
-19
32
667
-611
-259
-547
-335
-933
556
-923
634
904
458
124
649
179
-982
-322
-333
271
-322
-717
713
720
-917
962
513
591
175
626
-376
501
-252
436
-770
-249
228
-551
182
981
404
456
698
-649
413
-711
-182
670
957
-467
-468
341
54
82
296
-182
547
248
158
991
559
816
-130
-504
-568
-380
-111
899
348
-760
-993
-527
-106
-88
-701
971
825
606
-928
269
105
-330
480
549
-85
780
605
-358
724
997
928
-491
248
-97
123
-499
-777
-13
-401
-846
-847
685
319
-754
438
141
841
-889
-425
-780
-802
-70
867
-337
-609
-143
-958
-578
819
888
-553
-556
-774
641
48
19
568
-8
783
668
611
-121
-758
387
-165
484
662
98
840
-279
-616
586
-655
-251
-656
-465
-649
523
-820
-463
-183
138
860
367
-500
-45
-730
283
48
-503
684
-679
591
-636
536
-904
336
730
-110
-930
589
860
-881
123
-593
-695
6
-737
580
471
495
628
212
-203
214
-851
921
-595
532
-987
-301
-377
-28
942
493
114
212
-522
911
872
985
-527
120
240
-216
449
-1000
-968
624
-581
407
-199
-496
-148
-379
195
955
789
631
557
563
-415
577
574
-345
306
-593
230
160
755
215
-168
838
-959
-994
-487
351
57
-194
402
186
875
-335
720
962
-112
-541
332
822
-814
-724
-222
575
436
745
-681
799
212
906
254
-428
998
80
197
439
704
962
78
548
-663
766
-392
64
-994
-512
174
124
-303
716
531
-753
-786
644
21
-742
397
798
-967
500
-435
852
536
-999
530
-299
-71
930
-354
-71
-799
508
258
132
875
148
-190
138
165
841
177
-418
511
570
543
135
-343
357
-697
-232
783
-491
390
713
278
-699
-880
841
-198
828
153
-929
962
-474
-7
-981
-551
16
995
-909
633
649
456
-618
-646
956
-404
-159
780
-684
-701
-949
-857
97
994
-874
-713
-452
-947
-223
-408
406
-605
820
-268
-543
52
770
-683
-848
33
280
-773
171
556
882
985
-530
-446
773
807
-998
-586
-571
778
-953
-126
-613
-60
5
-820
-506
-133
711
229
-760
-888
457
-231
540
592
-570
644
-283
-565
-927
-755
542
-818
153
-483
484
-588
-346
-986
707
-120
943
928
212
-641
479
-764
186
958
-17
-753
21
-299
-829
698
-530
177
920
-278
-562
-708
198
251
-232
-530
-40
333
-553
-466
-637
400
883
-1000
-136
-869
-260
493
593
752
-643
-58
-153
415
767
-441
931
-239
-249
-32
-499
-493
-144
-506
-581
-603
608
295
-703
82
677
321
-330
540
388
595
-601
-338
-809
869
-788
653
-960
-122
914
678
540
958
286
-134
410
-835
-423
-348
-960
-435
843
389
-818
902
262
922
479
311
-328
-184
-41
546
-163
536
670
-760
458
780
956
626
-204
-876
-258
871
-479
-356
-114
993
942
740
-112
-295
-293
-165
700
-559
-523
429
-580
-876
-737
552
212
-690
233
193
-695
540
-190
666
824
614
-897
-382
904
352
-634
232
694
-683
-809
889
-415
-550
-284
402
548
-865
378
-341
243
282
-593
890
-550
-393
-59
794
-102
-933
-377
-724
-76
-395
504
-525
-230
519
-246
414
-214
-587
279
32
388
-703
416
789
680
58
856
103
806
360
-10
258
-567
172
-440
421
-467
-61
-757
-89
436
-374
-860
235
-857
-290
-842
-429
595
406
917
-551
-43
-328
-432
22
615
439
-306
-945
857
-837
516
-235
-512
-359
757
909
-127
-236
-407
763
-223
-480
-212
659
-382
-873
393
753
-760
-463
255
-558
593
-21
-433
-501
642
461
-880
-57
879
-722
-284
-5
-86
284
-671
-957
622
171
-3
-848
-945
791
498
-740
750
-805
-375
-551
-581
-771
-482
-27
253
-526
-711
-83
-10
909
589
-426
-608
48
351
446
-530
-27
-367
-788
322
-525
618
-394
-406
695
-45
602
978
312
695
-781
319
134
-42
-4
973
122
-465
-808
-145
834
296
-155
158
162
-726
-266
692
926
-311
306
-468
125
-270
-351
-348
240
453
-307
358
-733
951
-309
-571
-916
-211
416
-30
27
147
714
-899
-660
432
228
820
-995
904
362
569
-688
111
247
919
320
54
-146
-717
-567
-620
-962
785
-100
-963
-819
983
740
231
911
72
-344
-902
-973
-736
-257
-539
9
-800
968
-183
-148
993
-732
-303
851
-528
758
-980
-616
-7
282
-289
870
-850
651
-449
-857
-500
854
604
820
-235
401
398
729
974
-182
72
-671
-109
726
-364
-309
-840
595
-740
800
-517
-501
893
424
476
-744
15
611
267
977
810
-528
370
-388
772
-357
-256
-635
-978
838
881
-360
516
-770
-76
133
-357
-884
-362
-982
662
819
-67
-696
-146
922
578
-57
-980
-156
74
-571
-280
78
125
-863
138
788
-32
-10
-833
452
-348
913
1000
-460
-78
298
976
-109
584
527
-179
877
165
-203
799
-718
352
560
-294
961
250
-973
645
-81
-380
-528
-221
923
-123
255
-349
-20
213
533
952
-915
672
-472
-232
659
-324
20
180
-213
-335
491
-855
-374
62
-196
294
-591
-602
-690
-628
627
-425
241
24
47
-71
145
-985
-95
492
781
-747
504
-187
-540
-694
-128
270
550
640
178
-378
-212
719
458
-561
290
-973
790
-461
30
-970
583
-693
-258
916
-322
476
577
639
-930
71
-15
-468
805
-707
611
103
-318
-540
562
-634
800
382
303
-540
852
-521
-826
-447
-138
-565
-226
701
875
-563
-104
-554
501
827
912
-159
-142
517
291
-278
820
744
-607
-343
-775
-94
933
463
-380
-268
179
204
-153
378
517
475
615
898
389
-992
-537
-573
-989
-625
-671
780
345
424
-85
449
-599
91
-725
-386
-893
-174
-298
-649
-526
-93
-451
-794
606
148
621
561
-888
316
704
-989
-986
-826
-222
420
940
-265
-477
-883
-627
-52
302
-20
83
-977
-673
-925
-276
-36
-281
761
482
571
-78
767
574
888
668
680
304
287
151
-238
525
-319
-381
250
-109
-762
-423
-232
352
998
435
-624
-705
-865
700
122
-967
808
-227
282
47
-713
457
-422
16
-151
620
-159
53
-358
-836
-490
83
771
-579
848
-39
879
950
-372
-543
-908
771
-339
92
347
-286
-561
155
-38
-498
-614
999
-843
-59
-714
535
772
578
-882
-868
490
-689
-18
-649
745
349
366
-103
-437
-191
-848
256
-760
235
640
573
-669
154
324
145
796
-283
588
287
-668
167
622
928
-83
789
-532
683
-604
807
-756
-225
-518
779
40
-536
-751
236
698
-387
-634
252
525
-574
-84
-631
-468
-149
108
171
848
199
-289
353
349
-162
902
-970
-528
701
279
628
-221
625
-890
-239
-700
533
107
796
169
415
-527
-649
-944
-222
-828
-400
-181
-44
-188
676
-514
767
-298
-975
-127
-738
-836
-181
-355
383
-897
-778
790
926
494
714
42
77
-767
860
-462
221
555
418
702
-983
-306
-110
654
159
219
-641
-558
639
-873
597
-657
-303
812
-520
-298
567
727
-505
198
-62
447
-724
532
-397
-335
-353
969
-36
930
-695
811
116
-746
-895
-898
274
-613
254
-931
765
-282
746
-389
-262
-275
-36
-559
756
-6
-38
-942
512
305
-983
507
417
320
-196
-273
176
-397
128
-235
-20
334
625
40
-403
705
629
-289
204
-873
-228
829
-524
52
70
-777
26
117
-849
668
-672
812
314
-606
400
-845
-664
-735
-761
990
-658
273
-739
-627
58
273
706
-489
11
-699
979
-24
-593
-989
-252
654
977
-892
458
532
889
-871
427
959
629
31
-489
292
-882
941
-25
-517
352
518
-915
-961
-519
-230
-610
48
-583
239
464
422
356
841
-979
-787
-866
455
-865
639
-79
35
-43
-161
-422
-785
273
-544
174
-667
-688
-746
-597
-604
-384
560
-117
267
723
575
-33
-922
478
-463
396
-334
405
367
696
52
-634
-818
102
773
-275
555
720
-803
-264
-402
925
791
566
-545
-382
353
16
275
-601
-872
926
754
514
-44
816
194
-193
959
-717
-298
95
582
439
-352
39
321
-129
397
-637
-852
428
107
-147
-23
335
-202
-693
-361
-315
-652
293
133
-349
-860
995
159
-425
766
848
-882
681
200
-106
995
-261
-779
-653
325
71
-284
-308
890
286
-189
-555
-270
-109
-344
-774
306
930
-33
-334
102
-128
-21
-306
-897
103
-708
922
128
-167
793
453
232
-776
473
24
591
291
193
-336
-691
-627
-511
687
714
351
784
379
278
-342
-452
-935
140
851
-359
-322
-948
-559
688
-732
-463
-860
691
129
187
-97
713
817
-708
149
-31
-733
18
-811
740
373
131
634
-606
-823
973
-312
-510
-547
665
-36
-94
482
452
-53
627
-423
-580
-54
-864
393
568
486
-806
592
525
-378
-211
-44
863
985
639
-579
805
-528
996
-389
-3
756
698
684
-369
85
-322
793
-920
236
67
-725
-996
-395
-519
452
385
-113
-239
-677
560
-547
-370
301
-784
916
854
443
85
874
-397
776
-122
50
-855
956
158
-778
680
-615
-52
850
994
-893
167
-334
-614
-275
-826
-689
-893
493
381
217
797
-947
963
398
904
732
-442
-285
-570
-319
921
-520
-98
288
764
529
-332
789
-11
-970
496
268
-965
174
-897
-330
-686
247
-191
887
-756
-95
646
-64
20
423
296
843
-438
256
218
773
800
-503
312
453
-141
-713
-606
824
-683
-563
-118
78
-695
937
-64
-747
870
958
-552
360
-933
846
-133
525
-282
-98
-66
-649
488
71
858
135
871
-352
-489
-319
-53
-18
586
-860
254
981
-147
683
968
-562
-829
68
194
99
614
357
-92
394
786
788
882
-90
-440
333
328
-751
-224
4
455
-767
798
655
-889
830
659
42
-674
226
-459
969
-72
-278
-32
637
-893
-149
772
-763
-110
173
122
-156
-901
256
-440
726
764
-520
94
-334
-717
-72
-611
-646
881
735
-893
-212
148
-564
47
511
-737
-838
545
-344
-453
382
38
266
371
-971
841
-615
322
-608
813
-912
395
91
-565
406
-418
854
244
-281
-82
967
-524
-59
-740
222
-788
820
426
783
-214
-252
-209
-781
369
-315
-644
398
434
-971
-572
-172
-504
308
796
-761
-232
-742
-443
-864
-577
580
-689
600
-41
-732
384
-156
-582
-698
85
-910
970
956
664
-517
-360
136
-311
642
-82
939
812
214
-563
998
-301
-362
176
-272
142
898
-216
-511
-705
-697
865
791
853
90
449
128
-246
-410
720
107
-285
-773
689
92
932
-298
863
-448
565
-377
4
897
341
-468
-407
-462
-104
47
199
-866
54
414
747
-864
-250
-926
914
-731
-278
987
-529
-162
471
515
139
208
228
-24
-784
589
685
-908
261
17
490
515
-67
-308
445
-848
263
608
-74
195
515
444
936
575
-64
-849
-799
-577
45
134
852
830
-590
585
-242
-258
-294
582
-602
429
-236
-515
20
555
-298
862
616
87
-16
-295
466
-134
184
-568
-534
767
486
-114
137
-786
-610
-945
801
-382
-23
-124
-729
239
-912
-835
-461
435
-115
-452
-138
-313
-31
31
-312
274
910
202
293
277
478
594
532
-377
-211
967
-164
966
-767
403
390
345
-745
404
921
-583
-818
580
-931
-711
-177
979
-264
433
-704
-484
-636
-522
-493
-463
-422
689
-663
430
546
696
-333
436
327
815
-648
254
-761
-479
-690
599
300
-317
899
-108
-376
12
319
-670
422
-441
-644
-804
-638
-754
378
994
539
526
122
-545
997
-212
-331
-197
-62
-956
-902
754
-14
-534
230
493
995
-79
623
276
366
951
-86
65
52
-49
160
727
112
125
150
59
652
-996
90
676
347
390
-192
994
183
327
149
-65
-431
-455
-464
47
-618
-163
108
-820
599
829
-554
476
514
145
-478
-114
-905
-285
978
-346
940
-506
219
-87
-926
-466
986
80
936
-69
-940
37
729
627
-814
-806
-297
-509
385
-904
-843
-572
-54
-588
283
868
-584
-947
-410
346
-523
-837
943
53
741
739
536
415
905
572
-128
534
764
-219
-592
769
-602
49
466
855
-626
411
461
305
-285
453
-908
173
953
315
-417
860
-252
512
667
320
-375
761
-192
343
847
-358
614
487
-696
932
-803
57
-677
-453
-507
586
-874
-783
-7
293
582
352
610
-119
436
-218
919
-131
-356
-545
287
-252
-389
-109
-227
-734
-398
-890
-876
-544
-934
-621
-380
-65
365
-400
-146
-228
-77
636
965
294
834
-788
-563
-56
806
587
-415
-496
650
581
420
-401
-987
969
53
-815
17
183
82
-758
968
-985
-105
-143
-829
-606
-119
427
-45
5
-538
78
-988
-617
895
329
-533
-48
-222
-227
-38
726
-733
-763
-693
745
-78
-880
-401
-832
-836
-882
-278
-213
185
613
-462
-174
-653
347
-239
-932
119
-115
575
295
497
-711
-114
271
-962
11
-610
415
-947
462
-912
298
712
115
-210
884
-785
550
-137
241
731
-4
432
95
-887
-314
1000
-319
-304
81
-713
-620
189
807
-655
470
456
-557
-961
490
103
-446
217
402
-970
-494
167
-431
220
-508
421
-673
737
-15
620
-985
158
366
-4
-215
292
-995
-998
159
-990
595
-10
-673
-607
153
783
955
421
-606
-743
-312
558
47
-698
-158
-475
775
236
740
215
751
-737
-925
-363
-662
-767
-288
-845
608
-645
-3
851
954
78
-14
-725
-900
-690
-974
-12
115
517
-219
-960
-744
848
461
-392
130
-453
-270
-143
634
-174
238
-216
-48
-200
-613
-469
972
481
-863
93
452
432
366
158
199
-595
723
987
46
305
-400
-15
-383
734
823
108
843
834
716
-627
-639
257
-197
-348
-699
-223
-703
-828
-873
-119
172
-425
-743
-584
-791
-977
-809
934
854
-19
955
928
918
428
-20
991
-457
742
-919
632
-358
499
920
-709
490
-111
-942
810
773
162
605
272
-656
751
386
226
-801
565
-764
-757
-4
828
-172
-394
-745
662
-278
770
362
-589
815
-309
139
-769
353
-626
742
645
403
-615
-140
100
-62
273
-613
874
-927
989
-710
-536
650
761
503
737
760
-116
727
-635
-680
862
760
840
-652
273
164
573
995
-463
-878
-524
-381
-195
607
-197
286
-45
-84
575
-494
-554
-87
-374
589
-643
-391
102
-126
791
744
-665
-623
-551
996
312
847
558
-836
-224
-599
509
-214
-359
-383
564
-841
-735
810
290
-478
694
615
-906
281
237
745
540
414
362
686
734
-743
-248
-800
48
-904
-75
-745
-808
190
20
298
-394
-816
-587
-741
598
-503
449
348
599
718
287
317
643
-762
-665
-743
961
-159
-523
374
362
-861
178
26
319
88
-190
-117
-851
335
954
744
983
-429
195
-555
-390
992
4
940
-753
769
536
922
384
881
142
520
133
-957
-39
490
252
787
974
-335
756
-737
4
-634
132
531
996
338
-923
-935
945
609
-463
-979
427
340
830
971
-523
-79
-889
-728
714
-133
151
-950
719
-749
-698
608
-578
-545
-862
-241
-789
-914
-319
975
-510
-687
-566
-202
-246
-228
-98
-957
-172
801
-421
-885
432
497
-378
518
-153
10
925
321
131
-811
-769
900
121
-767
-58
329
607
-696
-775
-612
578
-322
-748
975
755
749
71
934
-853
-53
-227
-1
797
335
749
-628
-917
365
-735
892
327
-26
347
-709
728
754
-175
-311
47
233
-731
-818
59
-140
-612
-325
-691
212
22
-596
101
-570
-738
-833
-191
-37
654
200
647
837
-666
-751
-317
-699
787
-579
370
-228
369
26
462
-915
40
547
139
516
855
972
429
-298
-691
-408
261
-168
98
156
-271
-988
596
-338
-437
276
-29
-434
-749
7
-773
314
233
-789
579
-79
-372
429
794
-229
-144
-290
-831
649
-546
-70
784
-224
-269
-393
617
-627
-754
-61
-854
-17
-261
-791
842
858
-912
-975
541
413
-821
-785
-162
-795
-407
-823
161
-595
519
-30
1000
720
580
560
-868
-140
359
708
367
160
84
385
715
9
797
-294
-760
-303
-917
337
-963
859
-890
215
764
-162
-686
390
975
-350
-964
-958
829
775
472
-862
-731
-259
-196
849
-729
-660
530
-615
-108
450
-530
-815
194
291
748
-553
548
365
292
-469
331
734
-707
-707